143790
143006
143278
142580
143720
143084
142760
143274
143290
142616
142966
143744
142642
142566
142934
143370
143368
142592
142492
142700
142768
142562
143276
142664
143886
142936
143898
143040
142784
142806
143048
142572
142596
142756
143098
143902
142968
143162
142692
142684
143598
142852
142716
143810
143288
143286
143476
142696
143090
142578
143104
143366
142964
142498
142846
142876
142940
143702
142568
143056
142816
142686
142874
142702
142812
142802
142808
143284
142706
142790
142810
142624
142788
142818
142774
142798
142800
142590
142738
142758
142770
143806
142930
143102
143706
143704
143700
143268
142496
142620
142622
142626
142650
142654
142660
142670
142682
142712
142730
142786
143478
143414
143798
143796
142958
143106
143204
143296
142606
142618
142662
142672
142674
142676
142698
142752
142754
142778
142794
142796
143364
143800
143100
143708
143192
143198
143264
143306
143308
143314
143316
142632
142634
142640
142644
142646
142652
142658
142678
142688
142690
142714
142734
142776
142780
142792
143480
143416
143412
143346
143882
143838
143802
143794
143680
143176
143200
143202
143266
143270
143272
143298
143300
143302
143304
143312
142638
142704
142732
143900
143792
143788
142938
