80002
80003
80004
80005
80006
80007
80008
80024
80028
80029
80030
80032
80035
80036
80037
80038
80039
80040
80041
80042
80043
80045
80046
80047
80048
80049
80052
80053
80056
80063
80071
80077
80111
80142
80150
80151
80152
80153
80154
80155
80162
80163
80164
80191
80192
80194
80196
80197
80198
80199
80200
80201
80204
80209
80211
80212
80213
80227
80229
80231
80232
80235
80236
80237
80238
80240
80246
80248
80254
80259
80260
80271
80272
80273
80275
80276
80277
80287
80288
80290
80291
80292
80293
80294
80295
80302
80313
80314
80315
80316
80317
80319
80322
80324
80331
80332
80340
80342
80343
80344
80347
80348
80349
80350
80351
80352
80356
80357
80358
80359
80360
80361
80363
80365
80369
80371
80378
80383
80384
80394
80397
80398
80399
80401
80403
80404
80413
80414
80419
80447
80463
80465
80470
80473
80479
80480
80482
80483
80484
80485
80486
80487
80490
80491
80492
80493
80494
80547
80549
80551
80555
80556
80559
80560
80561
80562
80563
80564
80565
80569
80570
80571
80572
80574
80581
80582
80587
80588
80590
80591
80603
80604
80606
80607
80608
80611
80612
80614
80616
80618
80620
80622
80623
80625
80626
80627
80628
80629
80630
80631
80632
80633
80634
80635
80636
80637
80646
80656
80657
80658
80659
80686
80692
80693
80695
80719
80771
80773
80774
80783
80784
80786
80788
