142742
142744
142832
143494
143528
143222
142522
142882
143396
143382
143108
143652
143558
143524
143262
142528
142746
142870
143394
143392
143390
143386
143380
143908
143906
143804
142918
142924
142926
142988
143662
143538
143184
143190
143232
142520
142724
142834
143466
143464
143344
143912
142942
142978
143120
143122
143560
143228
143236
142666
142668
143024
143668
143144
143164
143218
143230
143234
142750
142830
143512
143372
143092
143694
143634
143530
143182
142548
143842
142948
143110
143532
143142
143252
143498
143388
143018
142820
143384
143496
143342
143166
143656
143904
143188
142550
143470
143628
142468
142984
143924
143844
142916
143644
142860
143130
143472
143916
143028
142466
143692
143526
143620
143214
143186
143696
143534
143118
143294
143930
143536
143504
142900
143374
143926
143154
143932
143818
142822
143920
143550
143688
142748
143922
142888
143008
142946
142764
143210
142728
143540
143152
143238
143642
143632
142956
143194
142912
143150
143156
143376
142944
142510
143514
142826
143078
143934
142986
143462
143714
143022
142922
143212
143486
143254
142512
143398
143020
142762
143770
143786
142546
142514
143010
143134
143468
143626
143674
143542
142474
143124
143170
142886
143506
143716
142540
143890
143928
143544
143026
142552
143490
142890
142928
142828
143918
143552
143196
143784
143060
143870
142824
142508
142518
143502
143712
143140
143138
142506
143062
143888
142554
143220
142536
143576
143782
143884
143672
143614
143914
143484
143256
143500
143660
143004
143014
143400
143436
143250
143488
142898
143778
142980
143666
142526
143766
142982
143816
143516
143606
143408
143158
143520
143068
143686
143618
143136
142920
143016
143146
143280
143148
142854
142524
143610
143836
143910
142862
143226
142908
143646
142722
143690
143128
142836
143764
142884
143442
143066
142476
143640
143548
142858
142740
143774
143446
142516
143064
143670
143310
142844
143650
143418
143012
143094
142470
143638
142772
143450
142972
143630
142462
143616
143354
143224
143664
142954
143422
142894
142464
142856
143074
143622
142904
143590
143116
143768
143360
143676
142766
143440
142538
142472
143242
143568
143076
143260
142952
143378
143058
143572
143444
143180
143570
143522
143216
143624
143340
142950
143636
143114
143338
143812
142544
142542
143874
143760
143578
143248
143828
142896
143402
143860
142848
143432
143814
143492
143846
143328
143854
143438
143820
143410
143322
142878
143830
143434
143586
142804
143258
143556
142532
143776
143038
143080
143420
143246
143852
143352
142906
143582
142588
143456
142864
143856
143872
143780
143082
143510
143070
143244
143832
142582
142974
143458
143880
143454
143430
143424
143126
142586
142892
143330
143428
143876
143034
143318
143518
143032
143482
143588
143648
143334
143848
143772
142932
143868
143850
143554
143030
143406
142962
143584
143894
143324
143426
143320
143826
143546
143326
142534
142720
143332
143448
142570
143348
142648
143240
143336
